#include<graphics.h>
#include<dos.h>
#include<stdio.h>
#include<conio.h>
#include<iostream>
#include<stdlib.h>
#include<string.h>
#include<fstream>
/*delay(1000);
cleardevice();
line(0,30,30,30);*/

int main()
{
    int gm,gd=DETECT,i,j;
    initgraph(&gd,&gm,"C:\TC\BGI");
    delay(1000);
    cleardevice();
    line(0,30,30,30);
    line(30,30,30,275);
    line(0,135,625,135);
    line(65,65,65,275);
    line(100,135,100,275);
    line(135,135,135,275);
    line(170,135,170,275);
    line(205,135,205,275);
    line(240,135,240,275);
    line(275,135,275,275);
    line(310,135,310,275);
    line(345,135,345,275);
    line(380,135,380,275);
    line(415,65,415,275);
    line(450,65,450,275);
    line(485,65,485,275);
    line(520,65,520,275);
    line(555,65,555,275);
    line(590,30,590,275);
    line(625,30,625,275);
    line(0,30,0,275);
    line(0,170,625,170);
    line(0,205,625,205);
    line(0,240,625,240);
    line(0,275,625,275);
    line(0,65,65,65);
    line(0,100,65,100);
    line(415,65,625,65);
    line(415,100,625,100);
    line(590,30,625,30);
    line(590,30,625,30);
    line(135,420,625,420);
    line(135,350,135,420);
    line(135,350,625,350);
    line(135,385,625,385);
    line(170,350,170,420);
    line(205,350,205,420);
    line(240,350,240,420);
    line(275,350,275,420);
    line(310,350,310,420);
    line(345,350,345,420);
    line(380,350,380,420);
    line(415,350,415,420);
    line(450,350,450,420);
    line(485,350,485,420);
    line(520,350,520,420);
    line(555,350,555,420);
    line(590,350,590,420);
    line(625,350,625,420);


    //closegraph();
    getch();
}
